train/20110324_162740.jpg 16  833 608 40 40 858 711 40 40 953 614 40 40 636 564 40 40 287 368 40 40 436 653 40 40 515 570 40 40 473 464 40 40 454 443 40 40 545 292 40 40 646 365 40 40 806 214 40 40 914 395 40 40 408 161 40 40 225 423 40 40 156 650 40 40
train/20110324_163118.jpg 16  677 131 40 40 806 219 40 40 845 185 42 40 932 365 40 40 858 377 40 42 585 511 40 40 813 485 40 41 899 535 40 41 783 620 40 40 722 712 40 41 305 650 40 40 222 634 40 40 59 410 40 40 73 354 40 40 355 50 41 40 467 330 40 40
train/20110324_162942.jpg 17  806 314 40 40 758 254 40 40 556 464 40 40 552 506 40 41 533 529 40 40 528 628 40 40 363 688 40 40 395 719 40 40 312 531 40 40 296 509 41 40 270 723 40 40 887 420 40 40 979 501 40 40 905 99 40 40 429 263 40 40 4 363 40 40 675 691 40 40
train/20110324_163133.jpg 13  810 365 40 41 904 246 40 40 915 156 40 40 869 147 40 40 598 280 40 40 584 321 40 40 844 661 40 40 836 635 40 40 909 495 41 40 815 556 40 40 765 648 40 40 631 652 40 40 559 586 41 40
train/20110324_163106.jpg 8  516 446 40 40 718 347 40 41 143 385 40 40 197 75 40 40 233 64 40 40 119 551 40 40 911 138 40 40 728 1 40 26
train/20110324_163146.jpg 1  1004 269 40 40
train/20110324_163112.jpg 12  528 244 40 40 436 132 40 40 510 395 40 40 606 318 40 40 749 164 40 41 853 214 40 41 476 459 40 40 615 414 41 40 62 540 40 40 646 633 40 40 611 711 40 40 721 415 40 40
train/20110324_162929.jpg 9  414 186 40 40 350 242 40 40 168 109 40 40 180 62 40 40 450 276 40 40 191 556 40 40 87 634 40 40 767 304 40 41 839 167 40 40
train/20110324_163109.jpg 9  215 259 40 40 451 327 40 40 570 277 40 40 316 167 41 40 380 65 40 40 522 65 40 41 747 259 40 40 792 88 41 40 955 70 40 41
train/20110324_163140.jpg 17  609 534 40 41 705 540 40 40 759 342 40 40 629 297 40 40 230 463 40 40 190 437 40 40 57 509 40 40 84 381 41 40 92 320 40 40 37 299 41 40 23 318 40 41 150 304 40 40 331 462 40 40 360 653 40 40 289 683 40 40 500 132 40 40 303 166 40 40
train/20110324_163137.jpg 14  665 482 40 42 639 434 40 40 521 462 40 40 659 576 40 40 704 547 40 40 793 563 40 40 528 710 40 40 468 650 40 41 425 701 40 40 175 490 41 40 231 474 40 40 915 501 40 40 134 611 40 40 316 136 40 40
train/20110324_162914.jpg 13  517 578 40 40 435 658 40 40 634 563 40 40 473 468 40 40 454 449 40 40 295 377 40 40 228 430 40 40 648 373 40 40 908 395 40 40 802 221 40 40 844 618 40 40 860 719 40 40 148 656 40 40
train/20110324_163115.jpg 20  952 109 40 40 823 152 40 41 756 106 40 40 510 72 40 40 74 134 40 40 120 154 40 40 137 105 40 40 189 540 40 40 184 613 40 40 202 719 40 40 306 492 40 40 430 717 40 40 482 718 40 40 566 618 40 40 745 688 40 40 777 707 40 40 828 590 40 40 820 445 40 40 983 441 40 40 910 636 40 40
